---------BOLETO GORDO PRIMITIVA-----------

[   1 ]	[   2 ]	[   3 ]	[   4 ]	
___________________________________________________________
|  9|	|  5|	|  7|	| 10|	
___________________________________________________________
| 10|	|  8|	|  9|	| 17|	
___________________________________________________________
| 32|	| 32|	| 23|	| 19|	
___________________________________________________________
| 38|	| 38|	| 29|	| 23|	
___________________________________________________________
| 52|	| 41|	| 35|	| 29|	
___________________________________________________________
Reintegro: 3
